24276844060945405586396416367875244507301937042578269744609471688817329091322
104723680278013447650872481618259552710717062333889938050908151693789619881889
52219563673590510055239662255035943417314717012246405214116489456906290085460
60385036367701173480220943127695810422707983686720025726172215460352229316328
23487952642417338250114141620684932964005868483885157737744124189216860050793
31047140801679211077505216454207257956830976770767148053534526779723731237167
78693158938213638799388929201931787502159318659619042957927678954014115881457
28303708935279972335649364295426320458883120326219407178638706311510856409034
113040222861653977188124674774478074525338872595450070924159841537511415806977
64096371770523438221579099589772933381980740861374122849391163135798136010317
37971633532110136209110668677358999735838438987297484361149172852334624540119
36713839609507002352987471790294358134808824718561377540671718750970105792678
71525863974876421519907915130178055478386868241089592018606036655115190147707
74998937932020174669750135696404807759168944817922047985788551354422480538889
100277875045183384996875330675075758935085138974412839994227183044262548352361
48500104377043276381116624712614419511965476574675393696130198433912443038216
57866908103492904034133435043014444027639277572381075105334028885367290621659
101472694625142513408253053528026073283118638804168383542636478116761421084532
86661379393429762278074004060263590919717887297721397540487412153193459158983
60231912843823069826020382044439451277939895762121750001722542386310385934494
36842036229542224972599595196170812869210770305986525596134951273673264539208
109374725931539591107874021935806722057215566624031651938543770866596376742406
